%YAML:1.0
---
K: !!opencv-matrix
   rows: 3
   cols: 3
   dt: d
   data: [ 4.6632334992127613e+02, 0., 2.7180792109791372e+02, 0.,
       4.6658206610948616e+02, 1.7248839805647043e+02, 0., 0., 1. ]
D: !!opencv-matrix
   rows: 1
   cols: 5
   dt: d
   data: [ -2.0283045509468348e-01, 2.0253484755510656e-01,
       -2.9215199570733607e-03, 2.7837040622018201e-04,
       -2.3894569793056286e-01 ]
board_width: 9
board_height: 6
square_size: 3.7000000476837158e-02
