%YAML:1.0
---
K: !!opencv-matrix
   rows: 3
   cols: 3
   dt: d
   data: [ 4.7201578733818366e+02, 0., 2.7416992768206734e+02, 0.,
       4.7286303983626328e+02, 1.8670618565362733e+02, 0., 0., 1. ]
D: !!opencv-matrix
   rows: 1
   cols: 5
   dt: d
   data: [ -2.0081053678978231e-01, 1.5829291833987957e-01,
       -2.0143393046832135e-03, 2.5412437574058385e-03,
       -1.2324874467219023e-01 ]
board_width: 9
board_height: 6
square_size: 3.7000000476837158e-02
