%YAML:1.0
---
K1: !!opencv-matrix
   rows: 3
   cols: 3
   dt: d
   data: [ 4.7201578733818366e+02, 0., 2.7416992768206734e+02, 0.,
       4.7286303983626328e+02, 1.8670618565362733e+02, 0., 0., 1. ]
K2: !!opencv-matrix
   rows: 3
   cols: 3
   dt: d
   data: [ 4.6632334992127613e+02, 0., 2.7180792109791372e+02, 0.,
       4.6658206610948616e+02, 1.7248839805647043e+02, 0., 0., 1. ]
D1: !!opencv-matrix
   rows: 1
   cols: 5
   dt: d
   data: [ -2.0081053678978231e-01, 1.5829291833987957e-01,
       -2.0143393046832135e-03, 2.5412437574058385e-03,
       -1.2324874467219023e-01 ]
D2: !!opencv-matrix
   rows: 1
   cols: 5
   dt: d
   data: [ -2.0283045509468348e-01, 2.0253484755510656e-01,
       -2.9215199570733607e-03, 2.7837040622018201e-04,
       -2.3894569793056286e-01 ]
