%YAML:1.0
---
R: !!opencv-matrix
   rows: 3
   cols: 3
   dt: d
   data: [ 9.9989597707558331e-01, -6.4699713673126234e-04,
       1.4408900817535890e-02, 4.2142930004816841e-04,
       9.9987740652433155e-01, 1.5652294385222781e-02,
       -1.4417261369954621e-02, -1.5644593854800999e-02,
       9.9977366901599718e-01 ]
T: [ -2.4357201760950858e-01, -4.6525999416070869e-03,
    -1.8893410445980384e-02 ]
R1: !!opencv-matrix
   rows: 3
   cols: 3
   dt: d
   data: [ 9.9561391866169047e-01, 1.7183933460667999e-02,
       9.1965414139947771e-02, -1.7896068753068987e-02,
       9.9981587472559763e-01, 6.9244039363405641e-03,
       -9.1829492486336858e-02, -8.5398523118094365e-03,
       9.9573812583037824e-01 ]
R2: !!opencv-matrix
   rows: 3
   cols: 3
   dt: d
   data: [ 9.9682435456552099e-01, 1.9040877434777163e-02,
       7.7321737768536236e-02, -1.8441312110328557e-02,
       9.9979414470361205e-01, -8.4608642597777135e-03,
       -7.7466922958653373e-02, 7.0080812557168446e-03,
       9.9697029175619434e-01 ]
P1: !!opencv-matrix
   rows: 3
   cols: 4
   dt: d
   data: [ 4.2206719914324952e+02, 0., 2.2799147415161133e+02, 0., 0.,
       4.2206719914324952e+02, 1.7680314636230469e+02, 0., 0., 0., 1.,
       0. ]
P2: !!opencv-matrix
   rows: 3
   cols: 4
   dt: d
   data: [ 4.2206719914324952e+02, 0., 2.2799147415161133e+02,
       -1.0313126760122540e+02, 0., 4.2206719914324952e+02,
       1.7680314636230469e+02, 0., 0., 0., 1., 0. ]
Q: !!opencv-matrix
   rows: 4
   cols: 4
   dt: d
   data: [ 1., 0., 0., -2.2799147415161133e+02, 0., 1., 0.,
       -1.7680314636230469e+02, 0., 0., 0., 4.2206719914324952e+02, 0.,
       0., 4.0925241099066501e+00, 0. ]
